\begin{tabular}{lrrrrrrr}
\toprule
 & Coverage & Disaster & Neighbor & Post & Prem\_before & Price & Area \\
\midrule
Coverage & 1.000000 & -0.054362 & 0.028356 & 0.043483 & 0.061088 & 0.863138 & -0.000653 \\
Disaster & -0.054362 & 1.000000 & -0.077620 & -0.285129 & -0.049482 & -0.029922 & -0.000623 \\
Neighbor & 0.028356 & -0.077620 & 1.000000 & 0.022605 & 0.026432 & 0.005911 & -0.000408 \\
Post & 0.043483 & -0.285129 & 0.022605 & 1.000000 & -0.000929 & 0.033146 & 0.000644 \\
Prem\_before & 0.061088 & -0.049482 & 0.026432 & -0.000929 & 1.000000 & 0.045132 & -0.000312 \\
Price & 0.863138 & -0.029922 & 0.005911 & 0.033146 & 0.045132 & 1.000000 & -0.000535 \\
Area & -0.000653 & -0.000623 & -0.000408 & 0.000644 & -0.000312 & -0.000535 & 1.000000 \\
\bottomrule
\end{tabular}

