\begin{tabular}{lrrrrrrr}
\toprule
 & Coverage & Disaster & Neighbor & Post & Prem\_before & Price & Area \\
\midrule
Coverage & 1.000000 & -0.003438 & 0.002232 & 0.006549 & 0.049063 & 0.195955 & -0.000131 \\
Disaster & -0.003438 & 1.000000 & -0.112619 & -0.199710 & -0.031179 & -0.027510 & -0.000619 \\
Neighbor & 0.002232 & -0.112619 & 1.000000 & -0.025723 & 0.004791 & 0.002799 & -0.000466 \\
Post & 0.006549 & -0.199710 & -0.025723 & 1.000000 & 0.014869 & 0.023873 & 0.000746 \\
Prem\_before & 0.049063 & -0.031179 & 0.004791 & 0.014869 & 1.000000 & 0.080722 & -0.000330 \\
Price & 0.195955 & -0.027510 & 0.002799 & 0.023873 & 0.080722 & 1.000000 & -0.000173 \\
Area & -0.000131 & -0.000619 & -0.000466 & 0.000746 & -0.000330 & -0.000173 & 1.000000 \\
\bottomrule
\end{tabular}

